4294967278,46
4294967278,45
4294967278,44
4294967278,43
4294967278,42
4294967278,41
4294967278,62
4294967278,61
4294967278,60
4294967278,59
4294967278,58
4294967278,57
4294967278,56
4294967278,55
4294967278,54
4294967278,53
4294967278,52
4294967278,51
4294967278,50
4294967278,49
4294967278,48
4294967278,47
4294967279,85
4294967279,83
4294967279,82
4294967279,80
4294967279,79
4294967279,78
4294967279,76
4294967279,75
4294967279,74
4294967279,73
4294967279,68
4294967279,67
4294967279,66
4294967279,65
4294967279,64
4294967279,63
4294967279,62
4294967279,60
4294967279,59
4294967279,57
4294967279,54
4294967279,52
4294967279,51
4294967279,49
4294967279,48
4294967279,47
4294967279,45
4294967279,42
4294967279,41
4294967279,40
4294967279,39
4294967279,187
4294967279,304
4294967278,311
4294967279,298
4294967279,538
4294967278,183
4294967279,183
4294967279,302
4294967294,30
4294967294,942
4294967294,941
4294967294,939
4294967294,938
4294967294,933
4294967294,922
4294967294,436
4294967294,830
4294967294,829
4294967294,828
4294967294,827
4294967294,60
4294967279,181
4294967294,43
4294967294,417
4294967294,51
4294967294,12
4294967294,92
4294967294,88
4294967294,82
4294967278,179
4294967279,178
4294967279,176
4294967279,173
4294967279,172
4294967279,171
4294967279,170
4294967279,169
4294967279,168
4294967279,167
4294967279,166
4294967279,165
4294967279,164
4294967279,162
4294967279,161
4294967279,159
4294967279,158
4294967279,155
4294967279,154
4294967279,153
4294967279,152
4294967279,150
4294967279,149
4294967279,148
4294967279,147
4294967279,145
4294967279,144
4294967279,143
4294967279,142
4294967279,141
4294967279,140
4294967279,139
4294967279,138
4294967279,272
4294967279,136
4294967279,134
4294967279,133
4294967279,271
4294967279,270
4294967279,282
4294967279,279
4294967279,280
4294967279,277
4294967279,265
4294967279,264
4294967279,263
4294967279,262
4294967279,261
4294967279,275
4294967279,258
4294967279,257
4294967279,256
4294967279,255
4294967279,254
4294967279,253
4294967278,258
4294967278,257
4294967278,339
4294967278,367
4294967278,338
4294967278,337
4294967278,336
4294967278,369
4294967278,254
4294967278,333
4294967278,253
4294967278,250
4294967278,248
4294967278,246
4294967278,244
4294967278,242
4294967278,240
4294967278,239
4294967278,237
4294967279,37
4294967279,34
4294967279,33
4294967279,32
4294967279,31
4294967279,30
4294967279,28
4294967279,26
4294967279,24
4294967279,22
4294967279,21
4294967279,20
4294967279,19
4294967279,17
4294967279,16
4294967279,14
4294967279,13
4294967279,11
4294967278,364
4294967278,132
4294967278,131
4294967278,130
4294967278,129
4294967278,128
4294967278,127
4294967278,126
4294967278,125
4294967278,124
4294967278,123
4294967278,122
4294967278,121
4294967278,120
4294967278,119
4294967278,118
4294967278,117
4294967278,116
4294967278,115
4294967278,114
4294967278,113
4294967278,111
4294967278,110
4294967278,109
4294967278,108
4294967278,107
4294967278,106
4294967278,105
4294967278,103
4294967278,102
4294967278,100
4294967278,97
4294967278,95
4294967278,94
4294967278,93
4294967278,92
4294967278,91
4294967278,90
4294967278,89
4294967278,87
4294967278,85
4294967278,82
4294967278,80
4294967278,79
4294967278,78
4294967278,77
4294967278,76
4294967278,75
4294967278,74
4294967278,73
4294967278,71
4294967278,67
4294967278,66
4294967278,65
4294967278,64
4294967279,77
4294967279,72
4294967279,70
4294967279,69
4294967279,61
4294967279,58
4294967279,56
4294967279,50
4294967279,44
4294967279,43
4294967279,38
4294967279,36
4294967279,29
4294967279,27
4294967279,25
4294967279,23
4294967279,267
4294967279,18
4294967279,301
4294967279,15
4294967279,299
4294967279,12
4294967279,10
4294967279,9
4294967279,8
4294967279,7
4294967279,6
4294967279,5
4294967279,4
4294967278,112
4294967278,235
4294967278,232
4294967278,230
4294967278,228
4294967278,226
4294967278,224
4294967278,222
4294967278,220
4294967278,104
4294967278,219
4294967278,216
4294967294,11
4294967278,101
4294967278,332
52,2
52,4
4294967294,1416
4294967278,99
4294967278,363
4294967294,1414
4294967278,210
4294967278,389
4294967278,98
4294967278,209
4294967294,1419
4294967294,469
4294967278,96
4294967278,208
4294967278,330
4294967278,207
4294967278,205
71,5
4294967278,204
71,4
71,3
71,2
71,1
4294967278,203
4294967278,86
4294967278,201
4294967278,200
4294967278,322
4294967278,199
4294967279,564
4294967294,81
4294967294,50
4294967278,84
4294967278,384
4294967279,284
4294967279,0
4294967279,84
4294967294,8
4294967278,83
4294967278,196
4294967278,370
4294967294,7
4294967294,6
4294967294,89
